309621  2975042  2975047 
309621  3396732  3396734 
309621  5172257  5172261 
309621  5188402  5188405 
309621  5324996  5324998 
309621  5498087  5498095 
309621  5600825  5600827 
309621  5944590  5944592 
309622  9590205  9590207 
309622  10056916  10056918 
309622  10120188  10120190 
309622  11023060  11023063 
309623  16637435  16637439 
309623  3484692  3484694 
309623  3860421  3860423 
309623  4158561  4158563 
309623  4427213  4427215 
309624  6642615  6642617 
309625  12344642  12344644 
309625  12547696  12547698 
309625  13032442  13032445 
309625  13401658  13401662 
309625  14372152  14372154 
309625  14561163  14561165 
309625  14847927  14847929 
309626  1472778  1472780 
309626  1569060  1569062 
309626  4329162  4329166 
309627  9602690  9602692 
309628  16021709  16021711 
309628  61206  61209 
309628  1135294  1135297 
309628  2112042  2112046 
309629  4535990  4535992 
309629  5346141  5346143 
309629  7490870  7490872 
309629  7922347  7922349 
309630  13382611  13382613 
309630  13894369  13894371 
309630  14427895  14427898 
309632  5854126  5854128 
309632  11272575  11272577 
309633  14270110  14270112 
309634  2071052  2071055 
309634  2855726  2855728 
309634  3450032  3450034 
309634  3550979  3550981 
309634  5837522  5837524 
309635  7661385  7661386 
309635  7674303  7674306 
309635  8355224  8355227 
309637  2906740  2906744 
309637  3302669  3302674 
309647  1417474  1417476 
309647  2821411  2821413 
309648  7280940  7280944 
309661  1103595  1103597 
309661  2966074  2966076 
309662  7785354  7785356 
309662  10976384  10976386 
309662  11103770  11103772 
309663  13152801  13152803 
309663  13196244  13196247 
309663  13699482  13699484 
309663  14741983  14741985 
309663  15149461  15149462 
309663  16286581  16286584 
309663  16393823  16393825 
309664  326268  326271 
309664  736378  736380 
309664  2535257  2535259 
309664  2775549  2775550 
309664  3096222  3096224 
309664  3166156  3166158 
309664  5046613  5046614 
309664  5445587  5445589 
309665  6521982  6521985 
309665  8252874  8252877 
309665  9829870  9829875 
309666  12737811  12737816 
309666  13218973  13218976 
309666  14058756  14058760 
309666  14518355  14518359 
309666  15304232  15304233 
309667  4906958  4906961 
309668  6080515  6080517 
309668  8946582  8946583 
309669  10822715  10822717 
309669  11442200  11442201 
309669  12913059  12913060 
309669  14521966  14521969 
309669  14999295  14999300 
309670  929139  929141 
309670  4677158  4677160 
309670  5570939  5570941 
309670  5989649  5989651 
309671  6238658  6238662 
309671  9404797  9404798 
309671  11393215  11393217 
309682  504343  504345 
309682  6209502  6209505 
309685  798305  798307 
309685  2835804  2835806 
309685  6014767  6014769 
309686  11450321  11450323 
309686  11511418  11511420 
309686  12129447  12129451 
309690  16184219  16184222 
309690  52935  52939 
309690  965258  965260 
309690  989826  989828 
309690  3589442  3589444 
309690  4242426  4242428 
309691  6277349  6277352 
309691  6889252  6889254 
309691  9177108  9177110 
309691  10707277  10707279 
309694  8307771  8307773 
309694  9156689  9156691 
309694  10058325  10058327 
309694  10213694  10213696 
309694  10631599  10631601 
309694  12220731  12220733 
309695  14492982  14492984 
309695  16173359  16173361 
309695  3013440  3013443 
309696  4876248  4876252 
309696  5168161  5168164 
309696  5367440  5367442 
309696  6792828  6792834 
309696  7796063  7796067 
309696  9559806  9559814 
309698  843345  843349 
309698  1690614  1690616 
309698  2442341  2442345 
309698  4556139  4556143 
309698  5422900  5422903 
309699  7564172  7564174 
309699  8422862  8422864 
309699  8628383  8628385 
309700  12645659  12645662 
309700  13432656  13432658 
309700  14122958  14122962 
309700  1990338  1990340 
309701  4819546  4819548 
309703  15062879  15062881 
309703  16004451  16004453 
309703  3274383  3274385 
309704  5538501  5538504 
309704  10166993  10166995 
309704  10261312  10261314 
309705  12977051  12977053 
309705  15861629  15861634 
309705  16651220  16651222 
309705  16694871  16694873 
309705  232827  232831 
309706  1312993  1312995 
309706  5553762  5553764 
309706  6766032  6766042 
309708  15078200  15078202 
309708  15617255  15617257 
309708  15651168  15651170 
309708  1734351  1734353 
309710  9581015  9581017 
309710  13528137  13528141 
309710  14058992  14058994 
309711  2704567  2704569 
309711  2727217  2727222 
309711  3843205  3843207 
309711  4969337  4969340 
309713  13533867  13533869 
309713  13981641  13981644 
309713  14335544  14335546 
309713  15652055  15652060 
309713  15834615  15834619 
309713  685593  685595 
309714  1861908  1861910 
309714  4002334  4002337 
309715  8579377  8579379 
309715  12085559  12085561 
309715  12462289  12462292 
309715  12845675  12845679 
309715  13149829  13149834 
309715  13580145  13580147 
309715  13841815  13841817 
309716  15967751  15967753 
309716  828017  828020 
309716  1460534  1460536 
309716  3834530  3834538 
309716  3922933  3922937 
309718  11365186  11365188 
309718  12021778  12021780 
309718  16420211  16420213 
309719  2483958  2483962 
309719  5643380  5643384 
309719  6125914  6125920 
309721  14696362  14696364 
309721  14700906  14700908 
309721  14798655  14798659 
309721  14820343  14820348 
309721  16010282  16010285 
309723  11499973  11499975 
309723  12940837  12940843 
309723  13073438  13073440 
309723  15171423  15171426 
309724  1448482  1448485 
309724  1634119  1634125 
309724  4003422  4003425 
309724  4663543  4663545 
309725  7175398  7175400 
309725  7942848  7942850 
309725  9447389  9447395 
309726  12481665  12481668 
309726  13612709  13612711 
309726  14338746  14338749 
309726  609246  609249 
309727  1462641  1462646 
309728  10351604  10351606 
309728  11700080  11700082 
309728  11909608  11909611 
309728  13323217  13323219 
309728  13349942  13349946 
309729  15514343  15514345 
309729  1095823  1095825 
309729  1531326  1531328 
309729  1782726  1782728 
309729  3351298  3351300 
309730  5723708  5723711 
309730  6760119  6760125 
309730  7538488  7538492 
309730  7616167  7616169 
309730  8245903  8245905 
309730  10105293  10105295 
309731  11224030  11224033 
309733  6416929  6416932 
309733  10230588  10230590 
309733  10528758  10528760 
309734  13323269  13323273 
309734  13684677  13684679 
309734  13786200  13786202 
309734  15111856  15111860 
309734  15234890  15234892 
309734  16023810  16023812 
309734  16329018  16329020 
309735  2993615  2993617 
309735  4956153  4956155 
309735  6735508  6735511 
309735  7767146  7767148 
309735  7958207  7958212 
309735  8526971  8526973 
309736  9879763  9879765 
309736  11092112  11092114 
309736  12576066  12576074 
309738  5306114  5306118 
309738  6883277  6883280 
309738  9369987  9369990 
309738  9718812  9718814 
309738  10742683  10742686 
309739  11311261  11311263 
309739  15096914  15096916 
309739  15880308  15880310 
309739  16273490  16273495 
309740  7017933  7017938 
309740  7101397  7101400 
309741  10752074  10752076 
309741  11313585  11313587 
309741  11504147  11504151 
309743  7490513  7490517 
309743  8346775  8346777 
309743  9182104  9182106 
309744  11825797  11825799 
309744  14538886  14538889 
309744  14758338  14758340 
309744  14838135  14838140 
309744  14904989  14904991 
309745  1050354  1050356 
309745  3770153  3770155 
309749  8677790  8677794 
309749  9018733  9018736 
309749  12368333  12368335 
309750  15183784  15183786 
309750  2570646  2570648 
309751  7957794  7957796 
309751  8264435  8264438 
309751  10712386  10712392 
309753  1024167  1024169 
309753  3494185  3494189 
309754  6393027  6393029 
309754  7254946  7254950 
309754  9591420  9591424 
309756  1844753  1844755 
309756  2635058  2635061 
309756  4634246  4634248 
309756  5941965  5941967 
309758  15541756  15541759 
309758  16461070  16461073 
309758  79653  79655 
309758  2187149  2187151 
309758  2560353  2560357 
309759  4636069  4636071 
309759  4959928  4959930 
309759  5640367  5640369 
309759  6582345  6582348 
309759  8472393  8472395 
309760  10890786  10890788 
309760  10979199  10979203 
309760  13453201  13453203 
309760  13728170  13728172 
309761  15649454  15649456 
309761  102065  102067 
309761  199194  199196 
309761  3940474  3940478 
309761  4308430  4308432 
309761  4373721  4373723 
309763  16211477  16211483 
309763  1204212  1204215 
309764  2255215  2255219 
309764  3508671  3508673 
309764  5886572  5886578 
309764  6004157  6004164 
309765  9847012  9847014 
309765  12307252  12307255 
309765  13632718  13632720 
309765  13682162  13682165 
309765  13898536  13898539 
309765  13992689  13992691 
309769  13216312  13216315 
309769  13951066  13951073 
309769  14693145  14693147 
309769  15307243  15307246 
309769  15320990  15320992 
309769  15548875  15548877 
309769  67088  67095 
309769  77750  77754 
309769  993470  993472 
309769  1980544  1980546 
309769  2051029  2051031 
309770  4035299  4035301 
309770  4646885  4646887 
309770  5503203  5503205 
309770  5812002  5812004 
309770  7154549  7154551 
309770  7242191  7242193 
309770  8424074  8424080 
309770  8585807  8585809 
309770  8686185  8686187 
309772  4968284  4968286 
309773  9809040  9809042 
309774  11895180  11895182 
309774  16298221  16298225 
309774  16540751  16540754 
309786  6133766  6133768 
309786  6649452  6649454 
309786  7008534  7008536 
309786  7616888  7616892 
309786  8087694  8087696 
309786  9206569  9206573 
309788  5687563  5687566 
309789  9798044  9798048 
309789  10079506  10079508 
309789  10184915  10184917 
309789  10460424  10460426 
309789  10666739  10666741 
309789  10676375  10676379 
309789  12906346  12906350 
309789  13092578  13092580 
309790  16267311  16267315 
309790  489672  489678 
309790  1896221  1896225 
309790  3066848  3066852 
309791  6491591  6491593 
309791  6641167  6641169 
309791  6943434  6943436 
309793  4826488  4826492 
309794  6595822  6595824 
309794  6652442  6652444 
309794  7683847  7683849 
309794  10671921  10671924 
309794  11019166  11019168 
309794  11877953  11877959 
309795  12907519  12907525 
309795  14978175  14978178 
309795  15425482  15425484 
309795  16291484  16291486 
309795  16340191  16340193 
309795  1321406  1321408 
309796  3571026  3571028 
309796  3789141  3789144 
309796  3870381  3870383 
309796  6849204  6849206 
309796  8171742  8171744 
309798  1567855  1567859 
309798  3487471  3487473 
309799  5219544  5219546 
309799  6576270  6576272 
309799  7379628  7379631 
309799  8103938  8103942 
309799  9958955  9958960 
309799  10609452  10609454 
309800  13341601  13341603 
309800  14239378  14239380 
309800  15871913  15871915 
309800  16475104  16475106 
309800  16506291  16506293 
309800  16706093  16706095 
309800  966542  966544 
309801  1945198  1945200 
309801  2658365  2658367 
309801  2773627  2773629 
309801  2866536  2866538 
309801  3603695  3603699 
309801  4056135  4056137 
309801  4283349  4283351 
309801  5339767  5339769 
309801  6193988  6193990 
309801  6283368  6283370 
309801  6905767  6905769 
309801  6945041  6945043 
309802  12027616  12027618 
309825  6458805  6458807 
309825  6537461  6537463 
309825  7625679  7625681 
309825  8015599  8015601 
309825  8234666  8234668 
309825  8466444  8466446 
309825  9419474  9419476 
309825  9482214  9482221 
309825  10091890  10091892 
309825  12787584  12787586 
309826  12824045  12824047 
309826  13517219  13517223 
309826  13963394  13963396 
309826  14061218  14061220 
309826  14560880  14560882 
309826  490421  490426 
309826  1435024  1435026 
309827  8903276  8903278 
309828  11217216  11217218 
309828  14628102  14628106 
309828  15166722  15166724 
309829  260368  260371 
309829  1297437  1297440 
309829  2441428  2441430 
309829  2812690  2812692 
309829  3630640  3630644 
309829  3846456  3846459 
309830  7167585  7167587 
309830  7327352  7327355 
309830  8163262  8163264 
309830  8339003  8339005 
309831  12512776  12512778 
309831  12622594  12622596 
309831  12670172  12670174 
309831  14541567  14541569 
309831  15098570  15098572 
309831  15118912  15118915 
309831  15169914  15169916 
309831  15342569  15342571 
309831  16268735  16268737 
309831  23170  23172 
309833  11008331  11008335 
309833  13686976  13686978 
309834  13963849  13963851 
309834  14394670  14394672 
309834  16629059  16629061 
309834  210912  210914 
309834  415674  415676 
309834  2049450  2049452 
309834  2580467  2580469 
309835  5811020  5811022 
309835  6201019  6201021 
309835  6440739  6440741 
309835  6704291  6704293 
309835  7036504  7036512 
309835  7284185  7284188 
309835  7670588  7670590 
309835  8569905  8569907 
309835  8907328  8907332 
309835  9965063  9965065 
309837  6077085  6077087 
309838  9661527  9661529 
309838  10121814  10121816 
309838  11008001  11008003 
309838  11229464  11229469 
309838  11989588  11989590 
309838  12142377  12142381 
309839  12950705  12950707 
309839  1429261  1429264 
309840  2523869  2523873 
309840  3598215  3598218 
309840  5254589  5254591 
309840  5512560  5512562 
309840  5600722  5600725 
309840  6430509  6430514 
309840  7128792  7128796 
309841  8945139  8945142 
309841  9675274  9675277 
309841  11605579  11605582 
309841  12385364  12385367 
309841  13258578  13258585 
309841  14321794  14321796 
309841  14347498  14347500 
309843  5937143  5937145 
309843  7567893  7567897 
309843  7689264  7689266 
309843  8719557  8719559 
309843  10442812  10442816 
309845  3144035  3144040 
309845  3338146  3338148 
309846  9859213  9859217 
309846  11233655  11233657 
309846  13458600  13458602 
309848  5962905  5962908 
309848  9348732  9348735 
309848  9703846  9703848 
309849  10297735  10297738 
309849  10298543  10298545 
309849  10569530  10569532 
309849  12472109  12472111 
309849  12843620  12843623 
309849  13481039  13481041 
309849  14057792  14057794 
309849  14637305  14637309 
309850  183139  183141 
309850  313922  313924 
309850  2457005  2457007 
309850  4201798  4201800 
309850  5284584  5284588 
309851  6083571  6083573 
309851  7312899  7312904 
309851  8267829  8267831 
309851  8830881  8830884 
309851  10945809  10945811 
309851  11477718  11477722 
309851  11672108  11672110 
309851  12054652  12054654 
309851  12147777  12147780 
309853  2863481  2863485 
309853  4094354  4094356 
309853  6406967  6406969 
309853  6453339  6453341 
309853  6692304  6692312 
309854  8531223  8531225 
309854  11776580  11776590 
309854  13045767  13045769 
309854  13092514  13092516 
309854  13295199  13295203 
309854  13344292  13344294 
309854  14018884  14018888 
309854  14202900  14202902 
309855  536691  536693 
309855  701107  701110 
309855  1207952  1207955 
309855  1349087  1349089 
309855  1610467  1610469 
309855  1662460  1662462 
309855  2327436  2327440 
309855  2391013  2391016 
309855  2408150  2408155 
309855  2566102  2566104 
309855  2868676  2868679 
309855  3485501  3485503 
309855  4156920  4156922 
309856  4777368  4777371 
309856  5934394  5934396 
309856  7085070  7085072 
309856  8591539  8591541 
309856  9300694  9300696 
309858  1447583  1447585 
309858  1777325  1777328 
309858  1909516  1909518 
309858  3599747  3599749 
309858  4076610  4076612 
309858  5616060  5616062 
309859  7569718  7569723 
309859  7607821  7607823 
309859  8244364  8244368 
309859  11185978  11185982 
309859  11445254  11445256 
309859  12012209  12012211 
309859  12141697  12141699 
309859  12532503  12532505 
309859  13084915  13084918 
309859  13219353  13219355 
309860  13823092  13823095 
309860  14983950  14983952 
309860  16339340  16339344 
309860  16542411  16542413 
309860  682201  682203 
309860  1002883  1002887 
309860  1139532  1139534 
309860  1362079  1362081 
309860  1744073  1744075 
309861  3888257  3888259 
309861  4467977  4467982 
309861  4539874  4539879 
309861  4627716  4627718 
309861  6117180  6117182 
309861  7240474  7240479 
309861  7477135  7477138 
309861  7527858  7527862 
309861  7616936  7616940 
309861  7734351  7734355 
309861  8728306  8728308 
309861  9329029  9329031 
309863  1398180  1398182 
309863  2188132  2188134 
309863  2339988  2339990 
309863  2431224  2431226 
309863  2510091  2510093 
309863  3841809  3841811 
309864  7584783  7584788 
309864  8039631  8039633 
309864  9199435  9199437 
309864  10968010  10968013 
309864  11407067  11407071 
309864  11459208  11459211 
309864  11587295  11587300 
309865  12217503  12217505 
309865  13852309  13852311 
309865  14558605  14558610 
309865  15630486  15630488 
309865  16459132  16459137 
309865  16459137  16459141 
309865  300150  300153 
309866  2633817  2633821 
309866  3907550  3907552 
309866  4375919  4375921 
309866  4529769  4529771 
309866  4919804  4919806 
309866  5145178  5145180 
309866  5931733  5931735 
309866  6030776  6030778 
309866  7010490  7010493 
309868  139189  139191 
309868  1707886  1707888 
309868  2414144  2414148 
309868  3256721  3256723 
309869  5741324  5741326 
309869  6221298  6221300 
309869  7301142  7301144 
309869  7683605  7683608 
309869  8063203  8063207 
309869  8949570  8949572 
309869  9381659  9381661 
309870  11221046  11221050 
309870  11366720  11366722 
309870  11480002  11480004 
309870  11605030  11605032 
309870  12026048  12026052 
309870  16516214  16516216 
309870  32977  32982 
309871  2204728  2204730 
309871  2536949  2536953 
309871  3191031  3191033 
309871  4016323  4016327 
309871  4906021  4906023 
309871  5206890  5206892 
309871  6227069  6227071 
309873  13523221  13523223 
309873  13568855  13568857 
309873  15602441  15602443 
309873  15777296  15777299 
309873  1437070  1437073 
309873  1788167  1788169 
309874  4087045  4087047 
309874  4223338  4223340 
309874  4504347  4504351 
309874  5129670  5129672 
309874  5407782  5407785 
309874  5838678  5838680 
309874  5990446  5990452 
309874  6801370  6801372 
309874  6961415  6961417 
309874  7206842  7206845 
309875  10292098  10292102 
309875  10959803  10959805 
309875  11101380  11101382 
309875  13262352  13262354 
309875  14270327  14270330 
309875  15264047  15264049 
309876  15626841  15626845 
309876  244043  244045 
309876  1581905  1581907 
309876  1992882  1992886 
309876  2196354  2196356 
309876  3520892  3520895 
309876  3780193  3780195 
309876  3812532  3812534 
309876  4545309  4545311 
309876  4775038  4775042 
309876  4866571  4866575 
309878  12617565  12617569 
309878  13721529  13721531 
309878  13750894  13750898 
309878  13784361  13784365 
309878  14427533  14427535 
309878  14737924  14737926 
309878  14914031  14914035 
309878  15938500  15938503 
309879  1815243  1815247 
309879  2231209  2231211 
309879  2379585  2379587 
309879  2393902  2393904 
309879  2495165  2495167 
309879  2803973  2803975 
309879  2855236  2855243 
309879  3152663  3152665 
309879  4243623  4243627 
309879  4853663  4853665 
309879  5817845  5817848 
309879  6936752  6936754 
309879  7189498  7189500 
309879  7279536  7279538 
309880  8085323  8085325 
309880  9551453  9551455 
309880  10788696  10788699 
309880  12690112  12690114 
309880  12753878  12753882 
309880  13616981  13616984 
309881  14602663  14602667 
309881  1171434  1171441 
309883  10219403  10219405 
309883  11197938  11197941 
309884  597279  597283 
309884  2044239  2044241 
309884  2460929  2460933 
309884  6221805  6221808 
309886  13373189  13373191 
309886  13684537  13684540 
309886  14585273  14585275 
309886  15335661  15335664 
309886  15489881  15489883 
309886  15799937  15799939 
309886  44225  44227 
309886  495584  495586 
309886  1028109  1028111 
309886  1664583  1664585 
309888  9238362  9238364 
309888  10280804  10280807 
309888  10823605  10823607 
309888  10899788  10899790 
309888  12069565  12069567 
309888  13564127  13564129 
309888  13733786  13733788 
309889  15217630  15217633 
309889  15256416  15256418 
309889  16051596  16051599 
309889  16417243  16417247 
309889  16483167  16483171 
309889  71290  71297 
309889  802188  802190 
309889  1994344  1994346 
309889  2010942  2010945 
309889  2675298  2675301 
309889  4330645  4330647 
309889  4647166  4647169 
309890  5213473  5213475 
309890  7218320  7218322 
309890  7985999  7986001 
309890  8750494  8750496 
309891  12475333  12475339 
309891  13121141  13121145 
309891  15313677  15313681 
309891  411003  411005 
309891  532767  532769 
309893  7486383  7486385 
309893  10412501  10412503 
309893  11764848  11764850 
309893  13680946  13680948 
309894  13996420  13996422 
309894  14890820  14890822 
309894  14934968  14934971 
309894  15315939  15315945 
309894  16477000  16477002 
309894  508170  508176 
309894  629046  629048 
309894  2066810  2066814 
309894  2301206  2301210 
309896  10512445  10512449 
309896  11586959  11586962 
309896  12934359  12934361 
309896  13589712  13589714 
309896  14213159  14213161 
309896  15056573  15056576 
309896  15553836  15553838 
309898  6036502  6036504 
309898  7336547  7336550 
309898  7342075  7342077 
309898  7699084  7699086 
309898  10218177  10218179 
309898  10858258  10858265 
309898  12047250  12047252 
309898  12137109  12137111 
309899  13089983  13089987 
309899  15004578  15004581 
309899  16578283  16578285 
309899  224317  224319 
309900  4296311  4296313 
309900  5074022  5074024 
309900  7069496  7069499 
309901  10133506  10133508 
309901  10300028  10300030 
309901  10738820  10738823 
309901  11083375  11083378 
309901  11274104  11274106 
309901  12740207  12740209 
309901  13184114  13184116 
309901  14335872  14335874 
309903  6422187  6422190 
309903  6752042  6752044 
309903  7878527  7878529 
309903  10496392  10496394 
309904  11071074  11071077 
309904  11263443  11263446 
309904  12475374  12475381 
309904  13523112  13523114 
309904  14155389  14155392 
309904  14353679  14353681 
309904  14394261  14394265 
309904  14401827  14401829 
309905  908428  908431 
309905  1109657  1109659 
309905  1280151  1280153 
309905  2532693  2532695 
309905  3051330  3051334 
309905  3198905  3198908 
309905  6030922  6030924 
309905  6612199  6612201 
309906  7305256  7305259 
309906  10070773  10070775 
309906  11715661  11715663 
309906  12243019  12243022 
309906  12452790  12452792 
309906  13096096  13096098 
309908  3456043  3456046 
309908  4606105  4606107 
309908  6209418  6209420 
309908  6967421  6967423 
309908  7269228  7269230 
309908  8656693  8656695 
309909  10210108  10210112 
309909  10520923  10520925 
309909  10565877  10565879 
309909  10906435  10906437 
309909  11063500  11063503 
309909  11126985  11126987 
309909  13041369  13041372 
309909  13588499  13588503 
309910  1514846  1514848 
309910  1569564  1569567 
309910  1826882  1826884 
309910  2259297  2259301 
309910  5124162  5124164 
309911  5648810  5648812 
309911  5803646  5803651 
309911  5897433  5897439 
309911  6018946  6018948 
309911  6321531  6321533 
309911  6692839  6692841 
309911  9234216  9234220 
309911  9870504  9870506 
309911  10731689  10731691 
309911  10794888  10794890 
309913  2654354  2654356 
309913  3142870  3142873 
309913  5856751  5856753 
309913  7079780  7079784 
309914  8725230  8725233 
309914  9011893  9011895 
309914  9863626  9863628 
309914  10165501  10165503 
309914  10352229  10352232 
309914  12880313  12880315 
309914  13646891  13646894 
309915  15379016  15379018 
309915  15406738  15406740 
309915  16416268  16416272 
309915  417179  417181 
309915  2481167  2481169 
309916  4152500  4152502 
309916  4526433  4526435 
309916  5568893  5568895 
309916  6824937  6824939 
309916  6891116  6891119 
309916  8724801  8724807 
309916  9282798  9282800 
309916  10260580  10260584 
309918  379568  379570 
309918  1826217  1826220 
309918  2536474  2536478 
309918  3362137  3362139 
309918  5035460  5035462 
309918  6099861  6099863 
309918  6541949  6541952 
309919  6774125  6774127 
309919  8974902  8974904 
309919  10066471  10066473 
309919  10547831  10547833 
309919  12161950  12161952 
309919  12423087  12423090 
309919  12910061  12910063 
309920  14294898  14294900 
309920  14521760  14521766 
309920  14754798  14754800 
309920  14816251  14816254 
309920  15649959  15649963 
309920  15666977  15666979 
309920  16073407  16073409 
309921  2850127  2850129 
309921  2986945  2986949 
309921  3038202  3038204 
309921  3665059  3665062 
309921  6765357  6765359 
309921  7320497  7320501 
309921  7427110  7427114 
309923  15614732  15614734 
309923  15707310  15707312 
309923  968003  968005 
309923  1223596  1223600 
309923  2005635  2005639 
309923  2456156  2456158 
309924  5908029  5908031 
309924  6388885  6388887 
309924  8649511  8649516 
309924  9261481  9261483 
309924  9662231  9662233 
309924  10168716  10168718 
309924  10972079  10972082 
309925  11706601  11706605 
309925  12010044  12010046 
309925  15337895  15337899 
309925  16186802  16186805 
309925  1186703  1186705 
309926  2131924  2131927 
309926  2359257  2359260 
309926  4314258  4314261 
309926  4548770  4548772 
309926  5818581  5818584 
309926  6221408  6221412 
309926  6738986  6738991 
309926  7363440  7363444 
309926  7552605  7552611 
309928  14327108  14327110 
309928  16267203  16267206 
309928  385276  385278 
310263  5513039  5513041 
310263  6486513  6486515 
310263  7616003  7616005 
310263  8252520  8252523 
310264  1665814  1665817 
310265  2768762  2768764 
310265  3449810  3449812 
310265  7145688  7145693 
310265  8109422  8109426 
310266  9582925  9582927 
310266  9764752  9764759 
310266  10389237  10389239 
310266  12035005  12035007 
310266  12053711  12053715 
310266  12126424  12126428 
310268  7355251  7355253 
310268  10765412  10765414 
310268  11710894  11710900 
310269  1550164  1550166 
310271  10746205  10746208 
310271  11063227  11063233 
310271  14541744  14541746 
310271  14577937  14577939 
310271  15747811  15747813 
310274  5479573  5479575 
310276  2132283  2132286 
310278  964617  964619 
310278  1382649  1382657 
310328  6929161  6929163 
310328  11004566  11004568 
310328  11095279  11095283 
310328  12346311  12346316 
310328  12873377  12873379 
310329  14153979  14153982 
310329  14702163  14702165 
310329  15129970  15129972 
310329  1561940  1561942 
310330  5317785  5317789 
310330  6735865  6735868 
310331  10785367  10785371 
310331  10909224  10909226 
310331  11484593  11484595 
310331  11565115  11565117 
310331  13991284  13991288 
310331  14456593  14456599 
310331  14943397  14943399 
310333  11159690  11159692 
310333  11835411  11835413 
310333  12526905  12526907 
310334  14501369  14501371 
310334  15512287  15512289 
310334  449808  449811 
310334  2281431  2281434 
310334  2923460  2923462 
310335  6241734  6241736 
310335  8269531  8269535 
310335  9313798  9313803 
310335  9435896  9435899 
310336  11520538  11520541 
310336  11735164  11735166 
310336  13728718  13728720 
310336  15913886  15913888 
310338  7528852  7528855 
310343  134233  134235 
310343  606060  606062 
310343  1488892  1488894 
310344  8122405  8122410 
310344  10604951  10604953 
310345  14407535  14407537 
310345  14719871  14719873 
310345  16138049  16138051 
310345  585607  585612 
310345  670067  670069 
310345  2914301  2914303 
310345  3263739  3263743 
310346  3766536  3766543 
310346  4608026  4608028 
310346  8243035  8243037 
310346  9431410  9431417 
310346  9697297  9697300 
310346  10056008  10056010 
310348  2094652  2094656 
310348  2385321  2385325 
310348  6258057  6258059 
310348  6577540  6577542 
310349  7654626  7654630 
310349  8744233  8744235 
310349  11827635  11827639 
310349  12829597  12829599 
310349  13100138  13100140 
310349  13867717  13867720 
310350  14958780  14958782 
310350  1124773  1124776 
310350  2786045  2786051 
310351  4932693  4932696 
310351  5390981  5390983 
310351  8498404  8498410 
310351  10149824  10149828 
310351  10181084  10181086 
310351  10594735  10594739 
310353  5019084  5019088 
310353  5349457  5349460 
310353  5356749  5356754 
310353  6485871  6485873 
310354  8359367  8359369 
310354  14271970  14271975 
310355  15741367  15741371 
310355  16165870  16165876 
310355  2698711  2698714 
310356  5380633  5380637 
310356  7453852  7453856 
310356  9784614  9784616 
310358  4155937  4155948 
310358  6413661  6413667 
310359  8372527  8372529 
310359  8750594  8750597 
310359  9814668  9814670 
310359  12943462  12943466 
310359  14216685  14216689 
310360  15706020  15706022 
310360  15766590  15766592 
310360  16271256  16271258 
310360  540470  540474 
310360  3612710  3612712 
310360  3857210  3857213 
310361  5759676  5759678 
310361  6063485  6063487 
310361  6603387  6603389 
310361  6994739  6994741 
310361  7688074  7688077 
310361  9039323  9039327 
310361  9433950  9433953 
310361  10456911  10456913 
310363  1984072  1984078 
310363  2291337  2291341 
310363  6148632  6148636 
310364  12792260  12792262 
310364  12980553  12980557 
310364  15044148  15044150 
310365  15435155  15435157 
310365  16322244  16322246 
310365  16644908  16644911 
310365  104243  104248 
310365  1189306  1189308 
310365  1542076  1542078 
310365  2733469  2733471 
310365  3180324  3180330 
310378  3964467  3964469 
310378  5162789  5162792 
310378  6594330  6594332 
310378  6846111  6846113 
310378  7495762  7495764 
310379  11709021  11709024 
310379  12199689  12199693 
310379  14049452  14049454 
310379  14182597  14182599 
310379  14799555  14799557 
310380  1695017  1695020 
310380  3501110  3501114 
310380  4630771  4630773 
310380  4819425  4819427 
310380  5204133  5204137 
310385  2547060  2547063 
310385  2991900  2991905 
310385  4197121  4197125 
310385  6115974  6115977 
310385  6366332  6366335 
310388  5113265  5113269 
310388  5839443  5839445 
310391  7129214  7129218 
310391  8625892  8625895 
310391  9282994  9282996 
310391  10171444  10171446 
310391  10284730  10284733 
310391  12211817  12211819 
310393  4980808  4980812 
310393  7676581  7676586 
310393  8368806  8368808 
310412  8244717  8244720 
310421  3633442  3633446 
310421  4605993  4605995 
310421  5078220  5078222 
310422  9327731  9327736 
310423  13921368  13921371 
310423  15423163  15423165 
310423  3075979  3075982 
310424  6668283  6668285 
310424  9999661  9999665 
310425  12087256  12087259 
310425  15098527  15098529 
310425  15621500  15621502 
310425  15837067  15837069 
310426  594753  594755 
310426  3788889  3788891 
310427  8856042  8856044 
310428  13892982  13892984 
310428  2242378  2242380 
310438  9271787  9271789 
310438  9649432  9649434 
310438  10214427  10214429 
310439  15177049  15177051 
310439  15599471  15599473 
310439  15916413  15916416 
310439  16041568  16041570 
310439  248534  248536 
310439  892396  892398 
310439  983072  983076 
310443  11575649  11575651 
310443  11984408  11984411 
310443  12375738  12375740 
310443  12718853  12718859 
310443  14547387  14547392 
310443  16283118  16283122 
310443  174929  174932 
310443  226959  226961 
310444  4202272  4202276 
310444  4641553  4641556 
310444  5725610  5725613 
310444  6296364  6296366 
310444  6345496  6345499 
310445  13175967  13175969 
310446  3853128  3853132 
310448  12839022  12839024 
310448  14248652  14248655 
310448  14792274  14792278 
310448  15840312  15840314 
310448  96013  96015 
310450  7857159  7857161 
310450  8685679  8685681 
310450  8761336  8761339 
310450  10723642  10723644 
310450  11231125  11231129 
310450  11952521  11952523 
310450  13214732  13214737 
310450  14205876  14205878 
310453  13767127  13767130 
310453  915586  915591 
310454  1200608  1200612 
310454  4453657  4453659 
310454  6132061  6132067 
310454  6591959  6591961 
310454  7516080  7516082 
310455  9027290  9027293 
310455  9791227  9791229 
310455  9983966  9983968 
310455  10107492  10107494 
310580  7513073  7513075 
310580  8839181  8839188 
310580  11011979  11011981 
310580  12523633  12523635 
310583  11373406  11373408 
310583  11729550  11729553 
310583  12374103  12374105 
310588  6494828  6494830 
310588  6571199  6571201 
310588  7899388  7899397 
310588  11865017  11865019 
310588  12603652  12603654 
310593  1188802  1188804 
310593  1647830  1647834 
310593  1650931  1650933 
310593  2249256  2249259 
310593  2580354  2580357 
310593  4196555  4196558 
310595  15547518  15547520 
310595  15997758  15997761 
310595  276600  276608 
310597  11983496  11983499 
310597  12367983  12367985 
310599  5420767  5420772 
310599  5615518  5615520 
310599  8192211  8192213 
310600  12573385  12573388 
310600  14781297  14781302 
310600  15253691  15253697 
310600  15286479  15286483 
310600  15494254  15494256 
310600  16688855  16688857 
310601  3019861  3019866 
310601  4651618  4651621 
310604  3332302  3332305 
310604  4670867  4670871 
310617  10061177  10061179 
310617  10255483  10255485 
310617  11309185  11309187 
310617  12379320  12379323 
310617  14507955  14507961 
310620  1070295  1070297 
310622  9528561  9528563 
310622  11999687  11999689 
310622  12813685  12813689 
310624  7231652  7231654 
310624  8535468  8535470 
310624  8848106  8848108 
310624  8899602  8899605 
310624  11819084  11819086 
310625  917744  917746 
310627  10790322  10790326 
310627  12877462  12877464 
310627  13357747  13357749 
310627  14586116  14586118 
310630  13319652  13319654 
310630  16545530  16545532 
310630  568875  568877 
310632  9214337  9214345 
310632  10472764  10472769 
310632  11911458  11911460 
310632  13119905  13119907 
310634  6703847  6703849 
310634  7423719  7423721 
310634  8283027  8283029 
310634  10803354  10803357 
310634  11622854  11622858 
310634  11668211  11668213 
310635  1744477  1744479 
310637  10119903  10119905 
310637  11004187  11004191 
310646  216666  216668 
310646  298270  298272 
310646  1030426  1030428 
310646  1819807  1819812 
310646  2770593  2770596 
310646  3090677  3090679 
310646  3520168  3520171 
310646  5248407  5248409 
310646  5447091  5447095 
310648  13563689  13563692 
310648  13899794  13899796 
310648  14510975  14510977 
310648  15706256  15706258 
310648  15940797  15940801 
310648  16398672  16398674 
310648  957464  957466 
310648  2531832  2531834 
310648  2723483  2723487 
310648  2897374  2897377 
310648  3113270  3113272 
310648  3139202  3139204 
310648  3344097  3344101 
310649  5816446  5816448 
310649  8477701  8477705 
310649  8681104  8681106 
310649  8917016  8917018 
310649  9376477  9376482 
310650  10848461  10848463 
310650  12973588  12973590 
310650  13394653  13394658 
310650  13749573  13749575 
310650  14271771  14271774 
310650  14675032  14675037 
310650  15723805  15723808 
310650  15788093  15788096 
310652  7891230  7891232 
310652  8248222  8248225 
310652  8758609  8758611 
310652  8891417  8891421 
310652  9512287  9512289 
310652  10584627  10584629 
310652  11321591  11321593 
310652  11348189  11348191 
310652  11459217  11459221 
310652  11489900  11489902 
310652  11653266  11653268 
310652  11694662  11694666 
310652  12102430  12102432 
310654  3939420  3939422 
310654  4163967  4163970 
310654  5079109  5079111 
310654  5252578  5252580 
310654  6168383  6168385 
310654  6222726  6222729 
310654  6995618  6995622 
310654  7249266  7249269 
310654  7974981  7974983 
310654  7978996  7979002 
310654  8726203  8726205 
310654  9919333  9919336 
310654  10189236  10189238 
310654  10233475  10233477 
310655  11197634  11197636 
310655  13353532  13353537 
310655  13651485  13651489 
310655  15828444  15828446 
310655  15890294  15890303 
310655  265774  265776 
310655  477389  477393 
310657  7918787  7918790 
310657  8975689  8975693 
310657  9173364  9173367 
310657  9486005  9486008 
310657  10578136  10578138 
310657  10925129  10925131 
310657  10964533  10964535 
310657  11119951  11119953 
310657  11528199  11528201 
310657  13588596  13588598 
310659  7427628  7427630 
310659  7712502  7712506 
310659  9888567  9888572 
310659  10713147  10713149 
310659  10916701  10916703 
310660  12688610  12688612 
310660  13820441  13820445 
310660  13937559  13937562 
310660  14311508  14311510 
310660  224687  224689 
310663  15689134  15689136 
310663  16230475  16230477 
310663  16450624  16450626 
310663  2959066  2959070 
310663  3016141  3016143 
310663  4091769  4091771 
310665  11714567  11714569 
310665  11730194  11730198 
310665  12582521  12582524 
310665  13792756  13792759 
310665  14334020  14334022 
310665  14357896  14357898 
310665  14358852  14358854 
310665  14777841  14777847 
310665  72516  72520 
310667  8173448  8173452 
310667  8512167  8512169 
310667  8613157  8613159 
310667  8691791  8691793 
310667  9418353  9418355 
310667  10293694  10293699 
310667  10934329  10934332 
310667  11982718  11982721 
310667  13812988  13812990 
310669  5263026  5263028 
310669  5955923  5955925 
310669  9206256  9206260 
310669  11014647  11014652 
310669  11025234  11025240 
310670  12023295  12023302 
310670  13202784  13202786 
310670  13667031  13667033 
310670  13831245  13831247 
310670  15782606  15782609 
310670  16534919  16534921 
310670  16606834  16606836 
310670  618565  618567 
310670  744729  744731 
310670  1222409  1222411 
310670  1222664  1222666 
310672  9404969  9404971 
310672  9790940  9790942 
310672  10631110  10631112 
310672  11102952  11102954 
310672  11849620  11849624 
310672  11904867  11904869 
310672  12876193  12876196 
310672  13211929  13211931 
310672  14219665  14219667 
310672  14644849  14644851 
310675  12117430  12117433 
310675  12624994  12624996 
310675  13156465  13156467 
310675  13244803  13244805 
310675  13938290  13938293 
310675  15230920  15230922 
310675  15820069  15820071 
310675  16513802  16513804 
310675  541628  541631 
310677  8980185  8980187 
310677  9396757  9396759 
310677  11133994  11133997 
310677  11626037  11626039 
310677  12774225  12774229 
310677  13479301  13479303 
310677  14419640  14419642 
310679  6216933  6216936 
310679  6224685  6224688 
310679  6454873  6454875 
310679  8172024  8172026 
310679  8453736  8453738 
310679  9204722  9204724 
310679  9860334  9860336 
310679  10125787  10125793 
310679  10378695  10378697 
310679  10608061  10608063 
310679  10958198  10958200 
310679  11163713  11163715 
310679  11551027  11551029 
310679  11919176  11919179 
310680  12827340  12827342 
310680  13508890  13508895 
310680  13527374  13527377 
310680  14034532  14034536 
310680  14630698  14630700 
310680  15777272  15777274 
310680  182904  182909 
310680  214368  214370 
310680  1358570  1358573 
310682  10024501  10024503 
310682  10951136  10951138 
310682  10968897  10968899 
310682  11806625  11806627 
310682  12247981  12247988 
310682  12589509  12589512 
310682  12655910  12655912 
310682  13258012  13258016 
310682  14875083  14875085 
310684  5958826  5958829 
310684  6460108  6460113 
310684  6773129  6773133 
310684  6810728  6810732 
310684  7768190  7768192 
310684  11196189  11196191 
310684  11273087  11273091 
310684  11888826  11888829 
310684  12045507  12045510 
310684  12045890  12045892 
310684  12084949  12084951 
310684  12169707  12169711 
310685  13204012  13204016 
310685  14470642  14470648 
310685  15408734  15408739 
310685  15511247  15511249 
310685  15795175  15795177 
310685  16220525  16220527 
310685  16610200  16610202 
310685  16655937  16655939 
310685  469192  469196 
310685  637793  637795 
310685  684613  684615 
310685  1046297  1046300 
310685  1943917  1943919 
310685  2602955  2602961 
310687  10689443  10689445 
310687  11027899  11027903 
310687  11636063  11636065 
310687  11967852  11967854 
310687  12982737  12982739 
310687  13741338  13741340 
310687  15318975  15318977 
310687  15371249  15371251 
310687  15549244  15549246 
310687  16215031  16215034 
310689  6377381  6377383 
310689  7624625  7624627 
310689  8120101  8120103 
310689  8743695  8743697 
310689  9547309  9547311 
310689  10402916  10402919 
310689  10612160  10612165 
310689  10713803  10713806 
310689  11605030  11605036 
310689  11964636  11964639 
310690  13100887  13100889 
310690  13195418  13195420 
310690  13782125  13782128 
310690  14045611  14045613 
310690  14116517  14116519 
310690  14374484  14374486 
310690  14552286  14552289 
310690  14957399  14957401 
310690  15400057  15400060 
310690  15943155  15943157 
310690  657218  657220 
310690  803643  803645 
310690  826807  826810 
310690  939151  939153 
310690  1113563  1113567 
310690  1397221  1397225 
310690  1851325  1851327 
310690  1938378  1938380 
310690  2092963  2092966 
310690  2156410  2156413 
310690  2473969  2473972 
310692  10623631  10623635 
310692  10880332  10880334 
310692  10934297  10934300 
310692  10970938  10970940 
310692  11250124  11250126 
310692  12642964  12642967 
310692  12806711  12806713 
310692  13865857  13865859 
310692  14014878  14014881 
310692  14016356  14016359 
310692  14329860  14329862 
310692  14414048  14414051 
310692  15379453  15379455 
310692  15486441  15486443 
310692  16333938  16333940 
310692  16549228  16549230 
310694  7637953  7637955 
310694  9915989  9915991 
310694  10144435  10144438 
310694  10380552  10380554 
310694  11159005  11159007 
310694  11551646  11551648 
310694  11707118  11707122 
310694  11881113  11881115 
310694  12778813  12778816 
310694  13062520  13062524 
310695  13371742  13371744 
310695  14654192  14654196 
310695  16006600  16006603 
310695  155470  155472 
310695  406012  406015 
310695  1715027  1715034 
310695  2503150  2503153 
310695  2694388  2694390 
310697  10363911  10363913 
310697  12760457  12760459 
310697  14069037  14069039 
310697  15119541  15119543 
310697  18268  18270 
310703  81924  81926 
310703  123478  123483 
310703  2273155  2273157 
310703  2987256  2987260 
310703  3918273  3918276 
310703  5123105  5123108 
310703  5306369  5306372 
310703  5493619  5493621 
310703  5682783  5682785 
310703  5835630  5835632 
310703  6524241  6524244 
310703  6562038  6562041 
310703  6562525  6562528 
310705  795616  795619 
310705  1240823  1240826 
310705  2557217  2557219 
310705  3133099  3133102 
310705  3259230  3259232 
310705  3454508  3454511 
310705  4133603  4133606 
310705  5458431  5458433 
310705  5566951  5566953 
310705  5971738  5971740 
310705  6045471  6045474 
310705  6368477  6368479 
310705  6705888  6705890 
310707  13661616  13661620 
310707  14373583  14373585 
310707  14943886  14943890 
310707  15692439  15692441 
310707  16575486  16575489 
310707  19912  19916 
310707  1552505  1552507 
310707  1769409  1769412 
310707  2298795  2298797 
310707  2469074  2469076 
310707  2692461  2692463 
310707  3165674  3165676 
310709  11886997  11886999 
310709  12293353  12293355 
310709  12419901  12419903 
310709  12733975  12733981 
310709  12876860  12876862 
310709  14242062  14242064 
310709  14733958  14733960 
310709  15205533  15205536 
310709  16098943  16098949 
310710  701137  701139 
310710  964196  964201 
310710  2354360  2354363 
310710  2439161  2439164 
310710  3024660  3024664 
310710  4591001  4591004 
310710  5872886  5872888 
310712  16651134  16651136 
310712  54461  54464 
310712  1134586  1134588 
310712  1246419  1246429 
310712  1535281  1535283 
310712  1596439  1596441 
310715  782488  782490 
310715  1333469  1333473 
310715  1454579  1454582 
310715  1813009  1813011 
310715  1838241  1838243 
310715  1867707  1867710 
310715  2140304  2140306 
310715  2806932  2806935 
310715  2853625  2853627 
310715  4814141  4814144 
310715  5071660  5071662 
310715  5911988  5911990 
310715  5967736  5967740 
310715  6078260  6078263 
310719  7183440  7183443 
310719  7483005  7483007 
310719  7495280  7495284 
310719  7780942  7780945 
310719  8230016  8230018 
310719  10677221  10677225 
310719  11538258  11538260 
310719  12273678  12273680 
310719  12283320  12283322 
310720  15373264  15373268 
310720  15730224  15730226 
310720  16159363  16159365 
310720  63429  63433 
310720  77394  77396 
310720  576133  576136 
310720  2944020  2944022 
310722  12122995  12122997 
310722  13018872  13018875 
310722  14783869  14783871 
310722  15288685  15288687 
310722  15637704  15637706 
310722  15824001  15824003 
310724  7110568  7110570 
310724  8678106  8678109 
310724  11957814  11957816 
310724  13344956  13344960 
310724  13407459  13407461 
310725  14329347  14329349 
310725  14718223  14718227 
310725  464015  464017 
310725  1320264  1320267 
310725  1786275  1786277 
310725  2236990  2236994 
310725  2275309  2275312 
310725  2382187  2382189 
310725  2903647  2903651 
310725  3077140  3077143 
310725  3089127  3089129 
310725  3302808  3302810 
310728  2008487  2008489 
310728  3929394  3929397 
310728  4004237  4004239 
310728  4045348  4045351 
310728  4377442  4377445 
310728  4939906  4939909 
310728  6760765  6760767 
310730  14595696  14595698 
310730  14914259  14914263 
310730  15060965  15060968 
310730  15259814  15259816 
310730  15869995  15869999 
310730  2274695  2274699 
310730  3836660  3836662 
310730  3867699  3867701 
310732  11824553  11824555 
310732  12237760  12237762 
310732  12653740  12653742 
310732  13413236  13413238 
310732  13451713  13451715 
310732  15080638  15080640 
310732  15885380  15885382 
310732  16323998  16324001 
310732  313686  313688 
310732  781374  781376 
310732  924560  924562 
310734  7899532  7899538 
310734  8330920  8330922 
310734  8683760  8683762 
310734  9224450  9224452 
310734  9583317  9583319 
310734  10305786  10305788 
310734  10536414  10536416 
310734  11104568  11104570 
310734  12597296  12597300 
310734  13313768  13313770 
310734  13315467  13315469 
310734  14268010  14268012 
310735  14637967  14637969 
310735  14745450  14745453 
310735  14916995  14916998 
310735  15346063  15346065 
310735  15552267  15552269 
310735  15725494  15725498 
310735  15944336  15944338 
310735  1500208  1500211 
310735  3309951  3309953 
310735  4005286  4005290 
310735  4015719  4015721 
310737  12367167  12367169 
310737  16180306  16180309 
310737  861239  861241 
310737  962204  962206 
310737  1027726  1027728 
310739  9035273  9035276 
310739  9147997  9147999 
310739  9611431  9611438 
310739  9750021  9750024 
310739  10293696  10293698 
310739  11633226  11633228 
310739  12615352  12615354 
310739  12657321  12657323 
310739  13424063  13424068 
310739  13467736  13467738 
310739  13648884  13648886 
310739  14095146  14095148 
310739  14157823  14157826 
310739  14251269  14251271 
310739  14344368  14344370 
310739  14472924  14472927 
310740  16376744  16376747 
310740  394014  394016 
310740  737672  737674 
310740  1628462  1628465 
310740  2765206  2765208 
310740  2912131  2912133 
310740  2980550  2980552 
310740  3797588  3797590 
310740  4153680  4153682 
310740  4178351  4178353 
310740  4762331  4762335 
310742  11760497  11760500 
310742  11991080  11991084 
310742  14344701  14344703 
310742  14385265  14385267 
310742  14468924  14468926 
310742  15014342  15014344 
310742  15074295  15074298 
310742  15074997  15075000 
310742  15757519  15757521 
310742  65497  65502 
310742  430916  430918 
310742  1203371  1203373 
310744  8786307  8786309 
310744  8954751  8954753 
310744  9210113  9210115 
310744  9249145  9249148 
310744  9540049  9540053 
310744  10567114  10567116 
310744  11248038  11248040 
310744  12244663  12244668 
310744  12342450  12342453 
310744  12383481  12383484 
310744  12620753  12620755 
310744  13275865  13275869 
310744  13617252  13617254 
310744  14052670  14052672 
310745  15279988  15279990 
310745  16005702  16005707 
310745  16438219  16438222 
310745  16685458  16685460 
310745  395838  395840 
310745  776582  776585 
310745  1275813  1275815 
310745  1446285  1446288 
310745  1779246  1779249 
310745  2496550  2496553 
310745  3082057  3082059 
310745  3969849  3969851 
310747  11995562  11995564 
310747  12317109  12317112 
310747  12610538  12610540 
310747  12903890  12903893 
310747  13105581  13105583 
310747  13124972  13124975 
310747  13432484  13432487 
310747  420999  421002 
310747  428371  428373 
310747  1271041  1271043 
310749  8891890  8891894 
310749  9754617  9754622 
310749  10207576  10207578 
310749  10307755  10307757 
310749  10414166  10414168 
310749  10904108  10904110 
310749  11638447  11638451 
310749  12804596  12804598 
310749  13335993  13335997 
310749  13788771  13788775 
310749  14395039  14395041 
310750  16306525  16306527 
310750  86189  86191 
310750  117143  117146 
310750  473053  473055 
310750  1653519  1653521 
310750  2286661  2286664 
310750  2528365  2528367 
310750  2638123  2638126 
310750  3183419  3183422 
310750  3568910  3568912 
310750  3985746  3985748 
310750  4603165  4603167 
310750  4636939  4636941 
310750  4809675  4809677 
311150  13878127  13878130 
311150  14036183  14036186 
311150  14358954  14358956 
311150  14546660  14546663 
311150  14593231  14593234 
311150  15033447  15033450 
311150  15276562  15276564 
311150  15319349  15319352 
311150  16010250  16010253 
311150  835058  835060 
311151  3876148  3876150 
311151  4496033  4496035 
311151  4498883  4498886 
311151  5095809  5095813 
311151  5175704  5175707 
311151  5404110  5404113 
311151  7468756  7468758 
311151  7797032  7797034 
311151  8970780  8970786 
311152  10046469  10046474 
311152  10336703  10336705 
311152  10400085  10400090 
311152  10888032  10888038 
311152  10974319  10974321 
311152  11802288  11802290 
311152  12388568  12388571 
311152  14199535  14199538 
311152  14199995  14199997 
311152  15175011  15175013 
311153  16705982  16705985 
311153  582311  582313 
311153  793507  793510 
311153  1386706  1386709 
311153  2195226  2195230 
311153  2486451  2486454 
311153  3032023  3032025 
311153  3159876  3159878 
311153  3359563  3359565 
311153  3876101  3876103 
311153  4305435  4305437 
311154  6614086  6614089 
311154  6783079  6783081 
311154  7539155  7539158 
311154  8626743  8626745 
311154  9028353  9028356 
311154  10457394  10457397 
311154  11416561  11416565 
311154  11587588  11587590 
311154  11982019  11982021 
311154  13000467  13000469 
311155  13459031  13459033 
311155  14012989  14012991 
311155  14075748  14075750 
311155  14916828  14916832 
311155  1049590  1049593 
311155  1424115  1424117 
311156  2980145  2980152 
311156  4745696  4745698 
311156  5876621  5876623 
311156  6546111  6546114 
311156  6801204  6801206 
311157  10631551  10631553 
311157  10922605  10922607 
311157  12056051  12056054 
311157  13523655  13523657 
311157  13811673  13811676 
311157  15247578  15247582 
311157  15811558  15811561 
311158  97829  97832 
311158  674027  674029 
311158  2807371  2807374 
311158  3366973  3366977 
311158  3416908  3416910 
311158  4352168  4352170 
311159  8596919  8596925 
311159  10406821  10406825 
311159  11605034  11605038 
311159  12369654  12369656 
311160  14645885  14645891 
311160  15153036  15153038 
311160  16376964  16376966 
311160  16562611  16562614 
311161  3729059  3729062 
311161  3794409  3794411 
311161  4673025  4673027 
311161  4925183  4925185 
311161  5683116  5683118 
311161  6666144  6666146 
311165  1101275  1101277 
311165  2862638  2862640 
311165  3911553  3911555 
311165  4620648  4620653 
311166  6866787  6866793 
311166  7626390  7626393 
311166  8797700  8797706 
311166  9177216  9177218 
311166  9210509  9210511 
311166  9287371  9287375 
311166  9349734  9349736 
311166  9492211  9492215 
311167  1118209  1118213 
311167  1681861  1681865 
311167  2646601  2646603 
311167  2652634  2652637 
311167  2850385  2850391 
311167  3630399  3630402 
311167  4784583  4784586 
311167  4876891  4876893 
311167  4893345  4893347 
311168  8430017  8430019 
311168  9404364  9404367 
311168  9461273  9461277 
311168  9567809  9567812 
311168  9813581  9813583 
311168  13043248  13043250 
311169  72606  72608 
311169  294682  294687 
311169  512570  512573 
311169  966681  966683 
311169  1392331  1392335 
311169  1781610  1781612 
311170  3881571  3881573 
311170  4236197  4236200 
311170  6278234  6278236 
311170  6904172  6904175 
311170  7618365  7618367 
311170  7681365  7681367 
311170  8487419  8487421 
311171  10516580  10516582 
311171  11821457  11821459 
311171  12703685  12703687 
311171  13257364  13257366 
311171  14214348  14214351 
311171  15531471  15531474 
311172  492979  492981 
311172  631654  631656 
311172  1755541  1755544 
311172  2282016  2282020 
311172  4742485  4742487 
311172  5802483  5802489 
311172  5893542  5893544 
311173  7945845  7945851 
311173  9377790  9377793 
311173  11036008  11036010 
311173  12091354  12091357 
311174  13907112  13907114 
311174  14563886  14563888 
311174  16617233  16617239 
311174  633432  633436 
311174  1119730  1119734 
311174  2159446  2159448 
311174  2471056  2471061 
311175  4091709  4091711 
311175  4235342  4235344 
311175  4311922  4311924 
311175  4462925  4462929 
311175  4786824  4786826 
311175  5542461  5542465 
311175  5909452  5909456 
311175  7228992  7228994 
311175  7732680  7732682 
311175  8827385  8827387 
311176  10232578  10232580 
311176  11347779  11347783 
311176  11598593  11598595 
311176  13419246  13419248 
311176  14257316  14257318 
311176  15229564  15229566 
311176  16262725  16262727 
311177  2111733  2111736 
311177  2304609  2304612 
311177  2519903  2519905 
311177  3109606  3109608 
311177  3133475  3133477 
311177  3404277  3404280 
311177  3453903  3453905 
311177  3647194  3647196 
311177  3953350  3953353 
311177  4078051  4078054 
311177  4857722  4857724 
311177  5838841  5838843 
311177  6073648  6073651 
311178  6992513  6992517 
311178  7265436  7265439 
311178  10298782  10298784 
311178  10381206  10381210 
311178  11470813  11470815 
311178  11940105  11940107 
311179  289313  289315 
311179  518797  518803 
311179  1342253  1342255 
311182  591338  591341 
311182  2983220  2983222 
311182  4811293  4811295 
311182  5023113  5023115 
311182  5580790  5580792 
311182  5846381  5846385 
311182  6470790  6470792 
311183  7239991  7239993 
311183  7271910  7271917 
311183  7808727  7808731 
311183  7958045  7958047 
311183  8205967  8205969 
311183  8409226  8409228 
311183  8817697  8817699 
311183  9846648  9846650 
311183  10344308  10344311 
311183  10512770  10512772 
311183  11220017  11220019 
311183  11757243  11757246 
311183  12391766  12391769 
311184  13865127  13865131 
311184  14204581  14204583 
311184  15609906  15609908 
311184  16036213  16036216 
311184  424350  424352 
311184  785211  785213 
311184  884712  884714 
311184  1478157  1478159 
311184  2301933  2301936 
311184  2810769  2810771 
311185  3216972  3216974 
311185  4168155  4168158 
311185  4288025  4288028 
311185  4864362  4864364 
311185  6558666  6558668 
311185  7312753  7312756 
311185  7541472  7541474 
311185  7698081  7698083 
311185  7721013  7721016 
311185  8327011  8327014 
311185  8968826  8968829 
311186  9847448  9847454 
311186  9966374  9966376 
311186  10290316  10290318 
311186  12357758  12357761 
311186  12575228  12575231 
311186  13179418  13179422 
311186  14053025  14053030 
311186  14495362  14495366 
311187  1987933  1987936 
311187  2275649  2275651 
311187  3032301  3032303 
311187  4104549  4104551 
311187  4628320  4628322 
311187  5132810  5132813 
311187  5189675  5189677 
311187  6244621  6244623 
311189  13342074  13342076 
311189  13362621  13362624 
311189  15476145  15476149 
311189  1571695  1571699 
311189  2258970  2258972 
311190  3862860  3862863 
311190  4101387  4101391 
311190  4248313  4248316 
311190  4292201  4292203 
311190  4988031  4988033 
311190  5884729  5884732 
311190  6171103  6171109 
311190  8963865  8963867 
311191  10719757  10719761 
311191  10940933  10940936 
311191  11491852  11491856 
311191  12160503  12160505 
311191  13175662  13175664 
311191  14569422  14569424 
311191  15609907  15609911 
311191  15760635  15760639 
311192  16597121  16597125 
311192  16699064  16699066 
311226  548137  548140 
311226  2489813  2489816 
311226  2995222  2995224 
311226  5671719  5671721 
311226  5776186  5776188 
311226  5782787  5782789 
311226  6035225  6035228 
311226  6245753  6245755 
311227  6583504  6583506 
311227  7008357  7008360 
311227  8775813  8775815 
311228  13122087  13122093 
311228  13223065  13223070 
311228  13611768  13611770 
311228  15619520  15619524 
311228  15683305  15683312 
311228  20236  20238 
311228  35228  35232 
311228  442084  442088 
311228  1550819  1550823 
311228  1610602  1610608 
311228  1649090  1649093 
311228  1931665  1931667 
311229  3453868  3453870 
311229  5916660  5916666 
311229  6457995  6457997 
311229  7133502  7133505 
311229  7848069  7848071 
311229  8094082  8094084 
311230  9404111  9404114 
311230  9967582  9967584 
311230  10447544  10447550 
311230  10902133  10902135 
311230  11001572  11001574 
311230  11527488  11527491 
311230  12393251  12393253 
311230  13114157  13114159 
311230  14223440  14223443 
311231  15462119  15462123 
311231  15509529  15509533 
311231  15630817  15630819 
311231  15709481  15709483 
311231  15745509  15745511 
311231  16131058  16131062 
311231  1328182  1328185 
311231  1980276  1980280 
311231  2178133  2178135 
311231  2317111  2317113 
311234  16681058  16681062 
311234  281799  281801 
311234  1036634  1036636 
311234  2075099  2075103 
311234  2087374  2087376 
311234  2687366  2687368 
311234  3192270  3192274 
311234  4744219  4744222 
311234  5120474  5120477 
311234  5375734  5375736 
311252  2453623  2453625 
311252  2977723  2977725 
311252  3136777  3136781 
311252  3439430  3439432 
311252  4976477  4976483 
311252  5196585  5196587 
311252  5743456  5743458 
311252  5994895  5994897 
311253  7298088  7298090 
311253  9124904  9124908 
311256  3723460  3723464 
311256  4119172  4119174 
311256  4396992  4396994 
