309665  10626139  10626140 
309698  2223618  2223619 
309706  4925437  4925438 
309710  12050755  12050757 
309729  15532431  15532432 
309730  10227600  10227602 
309736  11536092  11536093 
309739  14298690  14298692 
309748  4701740  4701741 
309765  7832904  7832905 
309773  9697614  9697615 
309786  9706396  9706398 
309789  8091492  8091493 
309798  1960939  1960941 
309799  8489897  8489898 
309826  13001323  13001325 
309829  4874135  4874137 
309830  8098754  8098756 
309846  13592685  13592687 
309855  3941497  3941498 
309861  7607352  7607353 
309871  3912644  3912645 
309889  16297278  16297279 
309901  9484128  9484130 
309901  11385197  11385199 
309913  2685912  2685913 
309913  7890057  7890058 
309918  2056894  2056895 
310328  7302112  7302113 
310335  4257059  4257060 
310338  9333823  9333824 
310349  11618504  11618505 
310363  5418029  5418030 
310365  1834805  1834806 
310424  7635417  7635418 
310425  13661545  13661546 
310428  15952793  15952795 
310443  11560868  11560869 
310453  11043808  11043810 
310627  15104340  15104342 
310629  7819043  7819045 
310652  8082896  8082898 
310652  11577858  11577859 
310652  12439823  12439825 
310652  13728590  13728592 
310654  6811706  6811707 
310654  7797639  7797641 
310655  217373  217375 
310657  8807150  8807151 
310660  11651254  11651256 
310663  14634471  14634472 
310663  210124  210125 
310669  11491616  11491617 
310672  8837364  8837365 
310672  10497974  10497975 
310677  10539867  10539868 
310682  11780546  11780547 
310684  6978037  6978038 
310685  14058184  14058185 
310687  14048581  14048582 
310689  7974075  7974076 
310690  2170020  2170022 
310694  10977028  10977030 
310695  16045322  16045324 
310703  6379805  6379807 
310705  6147273  6147274 
310707  579603  579604 
310734  12259575  12259577 
311155  1877735  1877736 
311178  8748607  8748608 
311183  11921440  11921441 
311186  14074521  14074522 
311187  5053104  5053105 
311187  5858065  5858066 
311226  2589225  2589226 
311226  6092897  6092899 
311253  7289378  7289379 
